22
18
179
12
10
5
11
0
12
9
4
11
0
12
11
7
11
0
12
9
2
11
0
12
8
3
11
0
12
10
1
11
0
12
13
1
11
0
12
11
0
11
0
12
12
0
11
0
12
10
6
11
0
12
12
7
11
0
8
13
5
0
0
8
14
7
0
0
6
16
15
0
0
10
11
14
99
0
6
15
15
0
0
8
16
2
0
0
7
19
7
0
0
7
0
2
0
0
7
1
4
0
0
6
17
14
0
0
10
12
15
99
0
7
0
3
0
0
7
6
7
0
0
7
7
5
0
0
7
18
8
0
0
7
5
9
0
0
11
1
8
5
13
0
1
0
12
11
3
11
13
12
12
3
11
13
12
11
4
11
2
12
12
4
11
2
12
10
3
11
2
12
13
3
11
2
12
11
2
11
2
12
12
2
11
2
12
13
4
11
2
12
12
5
11
2
12
11
5
11
1
12
10
4
11
1
12
13
6
14
1
12
12
6
11
1
12
9
3
11
1
12
10
2
11
1
12
13
2
11
1
12
11
1
11
1
12
12
1
11
1
12
12
8
11
1
12
11
6
11
1
4
14
16
2
13
6
17
17
0
13
7
3
2
0
13
8
21
1
0
13
9
14
10
10
13
7
20
3
0
13
8
14
5
0
13
9
18
0
10
13
10
12
12
99
13
6
16
17
0
12
8
21
0
0
12
7
20
2
0
12
8
14
6
0
12
9
18
1
10
12
6
17
16
0
11
9
13
10
10
11
7
19
3
0
11
8
14
4
0
11
7
19
2
0
11
7
4
2
0
10
7
20
4
0
10
9
19
0
10
10
10
13
12
99
10
8
20
0
0
10
7
21
2
0
10
7
3
3
0
9
10
12
13
99
9
9
18
2
10
9
7
4
1
0
9
7
20
5
0
9
6
16
16
0
8
7
19
1
0
8
7
5
2
0
8
7
4
3
0
8
7
4
0
0
8
10
12
9
99
8
7
20
6
0
8
7
20
1
0
7
9
17
1
10
7
6
18
16
0
7
7
18
3
0
7
8
14
3
0
7
7
19
4
0
7
10
13
11
99
7
7
21
3
0
7
7
5
1
0
7
7
21
5
0
7
7
4
4
0
7
7
21
6
0
7
7
3
1
0
6
8
15
5
0
6
10
14
12
99
6
7
3
4
0
6
10
13
8
99
6
9
17
2
10
6
7
18
4
0
6
8
15
3
0
6
7
5
0
0
6
7
4
5
0
6
6
18
17
0
5
7
2
2
0
5
10
12
11
99
5
8
15
4
0
5
10
13
13
99
5
7
2
3
0
5
7
5
3
0
5
8
14
2
0
5
7
19
5
0
5
7
21
7
0
5
10
14
11
99
5
7
18
5
0
5
10
11
12
99
4
7
21
4
0
4
10
11
13
99
4
6
15
16
0
4
7
6
2
0
4
7
3
0
0
4
10
15
12
99
4
8
15
2
0
4
7
5
5
0
4
7
2
1
0
4
10
13
14
99
4
9
15
10
10
3
8
13
7
0
3
7
20
7
0
3
9
16
1
10
3
7
17
3
0
3
7
1
2
0
3
7
5
4
0
3
7
19
6
0
3
7
21
8
0
3
7
17
5
0
3
7
6
3
0
3
10
15
11
99
3
7
5
6
0
3
9
17
0
10
2
9
13
9
10
2
6
18
15
0
2
10
14
13
99
2
7
3
5
0
2
7
17
4
0
2
7
4
6
0
2
10
11
11
99
2
7
2
4
0
2
7
7
2
0
2
7
1
1
0
2
9
16
0
10
2
7
16
3
0
2
7
6
4
0
2
7
20
8
0
2
7
16
5
0
2
10
16
11
99
2
7
5
7
0
2
9
14
9
10
1
8
15
6
0
1
6
17
15
0
1
10
12
14
99
1
7
1
3
0
1
7
6
1
0
1
7
6
5
0
1
7
17
6
0
1
7
6
6
0
1
6
18
14
0
1
7
7
3
0
1
7
0
1
0
1
7
7
4
0
1
7
19
8
0
1
7
16
6
0
1
10
16
12
99
1
7
5
8
0
1
